
6

20 22
1 1 1 1 1 1 1 1 1 1 1 1 1 1 1 1 1 1 1 1 1 1 
1 2 0 0 0 9 1 0 0 0 0 0 1 0 0 0 0 0 0 11 7 1 
1 0 1 1 0 1 1 0 1 1 1 0 1 0 1 1 1 0 1 1 0 1 
1 0 1 0 0 0 0 0 0 0 0 0 0 0 0 0 0 0 0 1 0 1 
1 0 1 0 1 0 1 1 1 1 1 1 1 0 1 1 1 1 0 1 0 1 
1 0 0 0 1 0 0 1 1 1 1 1 0 0 0 0 0 0 0 1 4 1 
1 1 1 1 1 0 0 1 0 0 0 1 0 1 1 1 1 1 1 1 1 1 
1 0 0 0 0 0 0 1 0 3 0 1 0 0 0 0 0 0 0 0 0 1 
1 0 0 0 0 1 0 1 0 0 0 1 0 1 0 1 0 1 0 1 0 1 
1 0 1 1 0 1 0 0 5 8 5 0 0 1 0 1 0 1 0 1 0 1 
1 0 1 0 0 1 0 0 0 0 0 0 0 1 0 0 0 1 0 0 0 1 
1 0 1 1 1 1 1 0 1 1 1 0 1 1 1 1 1 1 1 1 0 1 
1 0 0 0 0 0 0 0 0 0 0 0 0 0 0 0 0 0 0 0 0 1 
1 0 1 1 1 1 1 1 0 1 1 1 1 1 0 1 1 1 1 1 0 1 
1 0 0 0 0 0 0 1 0 0 0 0 0 0 0 0 0 0 1 10 0 1 
1 1 1 1 1 0 4 1 0 1 1 1 1 1 1 1 1 1 1 1 0 1 
1 0 0 0 0 0 0 0 0 0 0 0 0 0 8 0 0 8 0 0 0 1 
1 0 1 0 1 0 1 0 1 0 1 0 1 0 1 0 1 0 1 0 0 1 
1 0 1 0 0 0 1 0 3 6 1 0 0 0 1 0 0 0 1 0 0 1 
1 1 1 1 1 1 1 1 1 1 1 1 1 1 1 1 1 1 1 1 1 1



